[General]
accessToken=24.bcfcd1c28e078a557f004bcc92339fb1.2592000.1608116646.282335-22167211
autoCopy=0
detect=0
key=GTriuZhvQGNMdvD7cetv1MFa
precise=1
secret=SS3PtDLV2rwDsCmRCSZROFRvKhidE5Aj
tokenTime=1605524646
translate=0
