[General]
accessToken=24.cae6d4a7cdba537b0210a00a461b5882.2592000.1601099393.282335-22167211
autoCopy=0
detect=1
key=GTriuZhvQGNMdvD7cetv1MFa
precise=1
secret=SS3PtDLV2rwDsCmRCSZROFRvKhidE5Aj
tokenTime=1598507393
translate=1
